1728931527205 0.84225 0
1728931527328 0.84225 1
1728931527421 0.84225 2
1728931527575 0.84225 3
1728931527697 0.84225 4
1728931527823 0.84225 5
1728931527996 0.84225 6
1728931528120 0.84225 7
1728931528240 0.84225 8
1728931528363 0.84225 9
1728931528479 0.84225 10
1728931528610 0.84225 11
1728931528714 0.84225 12
1728931528821 0.84225 13
1728931528927 0.84225 14
1728931529039 0.84225 15
1728931529148 0.84225 16
1728931529262 0.84225 17
1728931529359 0.84225 18
1728931529452 0.84225 19
1728931529562 0.84225 20
1728931529679 0.84225 21
1728931529798 0.84225 22
1728931529898 0.84225 23
1728931530003 0.84225 24
1728931530101 0.84225 25
1728931530196 0.84225 26
1728931530289 0.84225 27
1728931530435 0.84225 28
1728931530581 0.84225 29
1728931530670 0.84225 30
1728931530770 0.84225 31
1728931530878 0.84225 32
1728931530975 0.84225 33
1728931531073 0.84225 34
1728931531175 0.84225 35
1728931531278 0.84225 36
1728931531370 0.84225 37
1728931531463 0.84225 38
1728931531578 0.84225 39
1728931531671 0.84225 40
1728931531764 0.84225 41
1728931531875 0.84225 42
1728931531978 0.84225 43
1728931532082 0.84225 44
1728931532178 0.84225 45
1728931532260 0.84225 46
1728931532420 0.84225 47
1728931532523 0.84225 48
1728931532620 0.84225 49
1728931532719 0.84225 50
1728931532820 0.84225 51
1728931532915 0.84225 52
1728931533014 0.84225 53
1728931533117 0.84225 54
1728931533220 0.84225 55
1728931533328 0.84225 56
1728931533421 0.84225 57
1728931533524 0.84225 58
1728931533628 0.84225 59
1728931533718 0.84225 60
1728931533812 0.84225 61
1728931533915 0.84225 62
1728931534008 0.84225 63
1728931534104 0.84225 64
1728931534212 0.84225 65
1728931534334 0.84225 66
1728931534455 0.84225 67
1728931534570 0.84225 68
1728931534686 0.84225 69
1728931534794 0.84225 70
1728931534904 0.84225 71
1728931535010 0.84225 72
1728931535130 0.84225 73
1728931535261 0.84225 74
1728931535379 0.84225 75
1728931535476 0.84225 76
1728931535558 0.84225 77
1728931535661 0.84225 78
1728931535761 0.84225 79
1728931535895 0.84225 80
1728931536020 0.84225 81
1728931536117 0.84225 82
1728931536210 0.84225 83
1728931536304 0.84225 84
1728931536405 0.84225 85
1728931536500 0.84225 86
1728931536601 0.84225 87
1728931536704 0.84225 88
1728931536798 0.84225 89
1728931536891 0.84225 90
1728931537004 0.84225 91
1728931537106 0.84225 92
1728931537223 0.84225 93
1728931537331 0.84225 94
1728931537440 0.84225 95
1728931537545 0.84225 96
1728931537648 0.84225 97
1728931537759 0.84225 98
1728931537862 0.84225 99
