1728931994786 0.84225 0
1728931994902 0.84225 1
1728931995018 0.84225 2
1728931995201 0.84225 3
1728931995311 0.84225 4
1728931995421 0.84225 5
1728931995520 0.84225 6
1728931995648 0.84225 7
1728931995800 0.84225 8
1728931995929 0.84225 9
1728931996061 0.84225 10
1728931996204 0.84225 11
1728931996323 0.84225 12
1728931996448 0.84225 13
1728931996579 0.84225 14
1728931996700 0.84225 15
1728931996819 0.84225 16
1728931996944 0.84225 17
1728931997045 0.84225 18
1728931997156 0.84225 19
1728931997261 0.84225 20
1728931997374 0.84225 21
1728931997471 0.84225 22
1728931997578 0.84225 23
1728931997680 0.84225 24
1728931997790 0.84225 25
1728931997889 0.84225 26
1728931998014 0.84225 27
1728931998153 0.84225 28
1728931998288 0.84225 29
1728931998410 0.84225 30
1728931998535 0.84225 31
1728931998651 0.84225 32
1728931998772 0.84225 33
1728931998896 0.84225 34
1728931999019 0.84225 35
1728931999132 0.84225 36
1728931999232 0.84225 37
1728931999319 0.84225 38
1728931999425 0.84225 39
1728931999530 0.84225 40
1728931999652 0.84225 41
1728931999762 0.84225 42
1728931999852 0.84225 43
1728931999955 0.84225 44
1728932000088 0.84225 45
1728932000202 0.84225 46
1728932000302 0.84225 47
1728932000412 0.84225 48
1728932000502 0.84225 49
