1728932095009 0.64275 0
1728932101759 0.64275 1
1728932111626 0.64275 2
1728932125126 0.64275 3
1728932137964 0.64275 4
1728932151259 0.64275 5
1728932162095 0.64275 6
1728932168671 0.64275 7
1728932174960 0.64275 8
1728932186160 0.64275 9
1728932198947 0.64275 10
1728932205857 0.64275 11
1728932211845 0.64275 12
1728932218944 0.64275 13
1728932225307 0.64275 14
1728932231839 0.64275 15
1728932238002 0.64275 16
1728932244203 0.64275 17
1728932250526 0.64275 18
1728932256588 0.64275 19
1728932262979 0.64275 20
